4294967279,101
4294967279,100
4294967279,99
4294967279,98
4294967279,97
4294967279,96
4294967279,95
4294967279,94
4294967279,93
4294967279,92
4294967279,91
4294967279,90
4294967279,89
4243767290,0
4294967278,12
4294967278,11
4294967278,10
4294967278,9
4294967278,8
4294967278,6
4294967279,129
4294967279,128
4294967279,127
4294967279,126
4294967279,125
4294967279,124
4294967279,123
4294967279,122
4294967279,121
4294967279,120
4294967279,119
4294967279,118
4294967279,117
4294967279,116
4294967279,115
4294967279,114
4294967279,113
4294967279,112
4294967279,111
4294967279,110
4294967279,109
4294967279,108
4294967279,107
4294967279,106
4294967279,105
4294967279,104
4294967279,103
4294967279,102
4294967294,126
4294967294,18
4294967279,530
4294967278,340
4294967279,529
4294967278,339
4294967279,528
4294967278,150
4294967278,149
4294967278,148
4294967278,143
4294967278,146
21,7
21,6
4294967278,145
21,5
21,4
4294967278,144
21,3
21,2
21,1
4294967278,338
4294967279,527
4294967278,140
4294967278,337
4294967279,526
4294967278,139
4294967294,414
4294967294,179
4294967294,399
4294967294,190
4294967294,118
4294967294,169
4294967278,138
4294967278,336
4294967279,277
4294967279,138
4294967279,137
4294967278,284
4294967278,135
4294967278,272
4294967278,134
4294967279,525
4294967278,133
4294967278,335
4294967279,275
4294967279,524
4294967278,270
4294967294,391
4294967294,163
4294967294,161
4294967278,269
4294967278,281
4294967278,268
4294967294,1038
4294967294,390
4294967278,334
4294967279,286
4294967278,267
4294967278,333
4294967278,13
4294967278,275
4294967278,264
4294967279,523
4294967278,263
4294967278,261
4294967279,522
4294967278,332
4294967278,7
4294967294,990
4294967279,261
4294967278,277
4294967278,5
4294967278,331
4294967278,4
4294967278,330
4294967278,259
4294967279,521
4294967279,132
4294967278,329
4294967279,520
4294967279,131
4294967278,328
4294967278,327
4294967279,519
4294967279,518
4294967279,130
4294967278,326
4294967279,257
4294967278,325
4294967278,257
4294967278,253
17,6
4294967278,256
17,5
4294967279,517
17,4
4294967278,255
17,3
17,2
17,1
4294967278,254
4294967278,39
4294967278,38
4294967278,37
4294967278,36
4294967278,35
4294967278,34
4294967278,33
4294967278,32
4294967278,31
4294967278,30
4294967278,29
4294967278,28
4294967278,27
4294967278,26
4294967278,25
4294967278,24
4294967278,23
4294967278,22
4294967278,21
4294967278,20
4294967278,19
4294967278,18
4294967278,17
4294967278,16
4294967278,15
4294967278,14
4294967279,23
4294967279,20
4294967279,19
4294967279,17
4294967279,16
4294967279,15
4294967279,14
4294967279,13
4294967279,12
4294967278,252
4294967279,516
4294967278,250
4294967278,247
4294967278,248
4294967278,245
4294967278,243
4294967278,244
4294967278,241
4294967278,240
4294967278,238
4294967278,236
4294967278,234
4294967278,230
4294967278,228
4294967278,226
4294967278,222
4294967278,224
4294967278,225
4294967278,223
14,6
4294967278,221
4294967278,219
4294967278,274
4294967278,217
4294967279,515
4294967278,216
4294967294,411
4294967294,397
4294967294,167
4294967294,977
4294967294,385
4294967278,215
4294967278,324
4294967279,514
4294967278,214
4294967278,323
4294967278,212
14,5
4294967278,211
14,4
14,3
14,2
14,1
4294967279,513
4294967278,210
4294967278,208
4294967279,512
4294967278,207
4294967278,206
4294967278,322
4294967294,441
4294967279,136
4294967278,321
4294967279,133
4294967294,387
4294967278,203
4294967278,320
4294967279,319
4294967278,202
4294967278,201
4294967278,319
4294967279,318
4294967278,200
4294967278,318
4294967278,198
4294967278,195
12,6
4294967278,197
12,5
12,4
4294967278,196
12,3
12,2
12,1
4294967278,317
4294967278,316
4294967279,317
4294967294,394
4294967294,120
4294967278,315
4294967279,316
4294967278,192
4294967278,314
4294967279,315
4294967278,191
4294967294,38
4294967294,37
4294967294,41
4294967294,40
4294967294,1426
4294967294,1425
4294967294,45
4294967294,44
4294967294,43
4294967278,190
4294967278,313
4294967279,314
4294967278,189
4294967278,312
4294967278,187
4294967278,186
4294967279,313
4294967278,185
4294967294,76
4294967294,51
4294967294,52
4294967294,107
4294967294,419
4294967294,89
4294967294,1153
4294967294,1032
4294967294,416
4294967294,983
4294967294,173
4294967294,82
4294967278,183
4294967279,312
4294967278,182
4294967278,181
4294967294,83
4294967294,88
4294967294,87
4294967294,85
4294967278,179
4294967294,92
4294967294,91
4294967278,180
4294967278,311
4294967278,310
9,6
4294967278,309
4294967279,311
4294967294,115
4294967278,308
4294967279,310
4294967294,439
4294967294,400
4294967294,444
4294967294,386
4294967294,408
4294967294,1021
4294967294,406
4294967294,417
4294967294,452
4294967294,455
4294967294,108
4294967294,110
4294967278,176
4294967278,307
4294967279,309
4294967278,175
4294967294,36
4294967294,473
4294967294,421
4294967278,173
4294967278,306
